6042100262
6003590936
5305457597
6292931764
6127420920
5310678894
2126925494
5226922587
5694042430
5303143543
6377268290
1403038799
5068236086
5953930934
5108158788
6739557926
6015094859
6499172226
668948632
6115072873
6041777398
5661797523
1529825568
5133758281
6270924396
5356048754
1337773466
1516668389
5388233960
5753802454
5998221872
6755379842
5287377765
6628445286
6715722497
6769159324
6794981147
6033327449
5806631766
1516647600
5624874260
5407418049
5501974746
2079077381
5534664843
5123478457
5556418472
5439934507
6332187983
5438892880
1811449678
5081310186
1014632536
5400234150
6691351908
6411139076
5322725945
5709626697
6001923665
6193469926
6095020406
5596563263
5285639301
1943811963
1241951568
2062000809
5570759874
6583598690
5373329991
5866597153
1481261365
5589713530
6264736507
6562958546
6625762948
5221725796
5852129473
5862750134
1750364265
1866809929
6779649878
6302573390
6965415421
5066961517
1288799218
6058358475
5168437776
5939084863
5543197966
6609382912
5828803724
5295443733
6122109114
6381222349
1168676511
5003264065
5389915989
2085015477
6982917382
6331935142
6583500653
6520213236
5851455158
5685312077
5600021911
1588115710
6272631916
1489276482
6074503871
1455701655
6616013690
6049501157
5152262126
5629056050
1817810998
840990784
6958586954
6169084163
5072039580
5990643631
5754035249
6325531159
6347003139
5632681520
1530699495
