5808046302 
5310678894 
5808046302 
6003590936 
6127420920 
6042100262
60421002625310678894
5310678894
5310678894
5310678894
5310678894
5226922587
5694042430
15128674425108158788
5332410270
5356048754
5108158788
6312515153
6226128335
5108158788
6312515153
5303143543
5303143543
1434179325
6739557926
1639883035668948632
668948632
5108158788
6041777398
6041777398
6041777398
6041777398
5356048754
59539309345953930934
5953930934
5953930934
62709243965953930934
1516668389
5388233960
60650733696312515153
6312515153
-1002114373835
-1001854388890
5674564004
59982218725998221872
5998221872
6226128335
6411139076
5501974746
5624874260
5439934507
50813101866739557926
2032122817
5081310186
1811449678
1014632536
5400234150
1014632536
5322725945
60950204065596563263
5596563263
5439934507
1943811963
-1002128061403
1002128061403
5570759874
18532247531853224753
1853224753
6332187983
66284452866628445286
2062000809
5753802454
58181696146691351908
6691351908
5866597153
5866597153
6264736507
64991722266637478016
6637478016
6562958546
6562958546
6115072873
6115072873
5661797523
6499172226
59473091306270924396
6270924396
5756349139
5756349139
5862750134
5862750134
5400234150
5400234150
5490754056
6302573390
69654154211081013753
1081013753
6562958546
6562958546
5066961517
5066961517
6965415421
60583584755592140077
5592140077
5592140077
5592140077
60583584755168437776
5168437776
1672870546
60583584756325531159
6325531159
5939084863
5939084863
6058358475
2033519956
2033519956
6325531159
6325531159
5264442523
5264442523
5264442523
5264442523
5264442523
5264442523
6609382912
5264442523
6312515153
5998221872
5828803724
5295443733
63812223491849525275
1849525275
5011348501
5168437776
6115072873
5389915989
55431979662056661844
2056661844
5694042430
5400234150
55431979665685312077
5685312077
5769091120
5769091120
1588115710
1588115710
-1002128061403
1002128061403
-1002128061403
-1002128061403
10021280614031811449678
1811449678
1811449678
6069820371
5596563263
5596563263
5439934507
6813068037
5769091120
2032122817
58375562
6637478016
